[rsz_trending2.jpg]
text=1;136;9;TRENDING&#010;;Gill Sans MT;0.005348,0.370896,0.200000,0.000000;v1,4279900698,4280558628,128.000000,1.000000,0.500000,1.000000,400,2,49152;;
backuphash=42352
textactive=1
[rsz_crazydeals.jpg]
backuphash=24513
[rsz_1shopping1.jpg]
backuphash=42477
